scenario,cost_line,time_line,plan_file
"/home/thomasverwaal/Robust-Rail-NL/mathematical-models/scenarios_solver_types/scenario_solver_30_trains_30_units23.json","Cost of next node: Cost = 496.8 : 503.00 | cr=46, dd=0, da=1, tlv=1, sm=60, rd=187.00, cd=0, um=0","Time elapsed: 1.83 seconds","/home/thomasverwaal/Robust-Rail-NL/mathematical-models/local_search_plans_discreet/plan_30_trains_30_units23.json"
"/home/thomasverwaal/Robust-Rail-NL/mathematical-models/scenarios_solver_types/scenario_solver_30_trains_30_units23.json","Cost of next node: Cost = 471.8 : 483.00 | cr=42, dd=0, da=1, tlv=2, sm=60, rd=189.00, cd=0, um=0","Time elapsed: 1.90 seconds","/home/thomasverwaal/Robust-Rail-NL/mathematical-models/local_search_plans_discreet/plan_30_trains_30_units23.json"
"/home/thomasverwaal/Robust-Rail-NL/mathematical-models/scenarios_solver_types/scenario_solver_30_trains_30_units23.json","Cost of next node: Cost = 441.8 : 453.00 | cr=39, dd=0, da=1, tlv=2, sm=60, rd=184.00, cd=0, um=0","Time elapsed: 2.06 seconds","/home/thomasverwaal/Robust-Rail-NL/mathematical-models/local_search_plans_discreet/plan_30_trains_30_units23.json"
"/home/thomasverwaal/Robust-Rail-NL/mathematical-models/scenarios_solver_types/scenario_solver_30_trains_30_units23.json","Cost of next node: Cost = 401.8 : 413.00 | cr=35, dd=0, da=1, tlv=2, sm=60, rd=178.00, cd=0, um=0","Time elapsed: 2.30 seconds","/home/thomasverwaal/Robust-Rail-NL/mathematical-models/local_search_plans_discreet/plan_30_trains_30_units23.json"
"/home/thomasverwaal/Robust-Rail-NL/mathematical-models/scenarios_solver_types/scenario_solver_30_trains_30_units23.json","Cost of next node: Cost = 376.8 : 383.00 | cr=34, dd=0, da=1, tlv=1, sm=60, rd=184.00, cd=0, um=0","Time elapsed: 2.51 seconds","/home/thomasverwaal/Robust-Rail-NL/mathematical-models/local_search_plans_discreet/plan_30_trains_30_units23.json"
"/home/thomasverwaal/Robust-Rail-NL/mathematical-models/scenarios_solver_types/scenario_solver_30_trains_30_units23.json","Cost of next node: Cost = 331.8 : 343.00 | cr=28, dd=0, da=1, tlv=2, sm=60, rd=180.00, cd=0, um=0","Time elapsed: 2.74 seconds","/home/thomasverwaal/Robust-Rail-NL/mathematical-models/local_search_plans_discreet/plan_30_trains_30_units23.json"
"/home/thomasverwaal/Robust-Rail-NL/mathematical-models/scenarios_solver_types/scenario_solver_30_trains_30_units23.json","Cost of next node: Cost = 306.8 : 323.00 | cr=24, dd=0, da=1, tlv=3, sm=60, rd=178.00, cd=0, um=0","Time elapsed: 2.94 seconds","/home/thomasverwaal/Robust-Rail-NL/mathematical-models/local_search_plans_discreet/plan_30_trains_30_units23.json"
"/home/thomasverwaal/Robust-Rail-NL/mathematical-models/scenarios_solver_types/scenario_solver_30_trains_30_units23.json","Cost of next node: Cost = 275.0 : 291.20 | cr=23, dd=0, da=0, tlv=3, sm=60, rd=170.00, cd=0, um=0","Time elapsed: 3.41 seconds","/home/thomasverwaal/Robust-Rail-NL/mathematical-models/local_search_plans_discreet/plan_30_trains_30_units23.json"
"/home/thomasverwaal/Robust-Rail-NL/mathematical-models/scenarios_solver_types/scenario_solver_30_trains_30_units23.json","Cost of next node: Cost = 250.0 : 271.20 | cr=19, dd=0, da=0, tlv=4, sm=60, rd=173.00, cd=0, um=0","Time elapsed: 3.93 seconds","/home/thomasverwaal/Robust-Rail-NL/mathematical-models/local_search_plans_discreet/plan_30_trains_30_units23.json"
"/home/thomasverwaal/Robust-Rail-NL/mathematical-models/scenarios_solver_types/scenario_solver_30_trains_30_units23.json","Cost of next node: Cost = 225.9 : 252.10 | cr=13, dd=0, da=1, tlv=5, sm=60, rd=177.00, cd=0, um=0","Time elapsed: 4.52 seconds","/home/thomasverwaal/Robust-Rail-NL/mathematical-models/local_search_plans_discreet/plan_30_trains_30_units23.json"
"/home/thomasverwaal/Robust-Rail-NL/mathematical-models/scenarios_solver_types/scenario_solver_30_trains_30_units23.json","Cost of next node: Cost = 205.0 : 231.20 | cr=13, dd=0, da=0, tlv=5, sm=60, rd=169.00, cd=0, um=0","Time elapsed: 5.17 seconds","/home/thomasverwaal/Robust-Rail-NL/mathematical-models/local_search_plans_discreet/plan_30_trains_30_units23.json"
"/home/thomasverwaal/Robust-Rail-NL/mathematical-models/scenarios_solver_types/scenario_solver_30_trains_30_units23.json","Cost of next node: Cost = 180.0 : 211.20 | cr=9, dd=0, da=0, tlv=6, sm=60, rd=157.00, cd=0, um=0","Time elapsed: 5.56 seconds","/home/thomasverwaal/Robust-Rail-NL/mathematical-models/local_search_plans_discreet/plan_30_trains_30_units23.json"
"/home/thomasverwaal/Robust-Rail-NL/mathematical-models/scenarios_solver_types/scenario_solver_30_trains_30_units23.json","Cost of next node: Cost = 155.0 : 181.22 | cr=8, dd=0, da=0, tlv=5, sm=61, rd=162.30, cd=0, um=0","Time elapsed: 5.92 seconds","/home/thomasverwaal/Robust-Rail-NL/mathematical-models/local_search_plans_discreet/plan_30_trains_30_units23.json"
"/home/thomasverwaal/Robust-Rail-NL/mathematical-models/scenarios_solver_types/scenario_solver_30_trains_30_units23.json","Cost of next node: Cost = 145.0 : 171.24 | cr=7, dd=0, da=0, tlv=5, sm=62, rd=161.61, cd=0, um=0","Time elapsed: 7.61 seconds","/home/thomasverwaal/Robust-Rail-NL/mathematical-models/local_search_plans_discreet/plan_30_trains_30_units23.json"
"/home/thomasverwaal/Robust-Rail-NL/mathematical-models/scenarios_solver_types/scenario_solver_30_trains_30_units23.json","Cost of next node: Cost = 130.0 : 151.26 | cr=7, dd=0, da=0, tlv=4, sm=63, rd=160.95, cd=0, um=0","Time elapsed: 8.80 seconds","/home/thomasverwaal/Robust-Rail-NL/mathematical-models/local_search_plans_discreet/plan_30_trains_30_units23.json"
"/home/thomasverwaal/Robust-Rail-NL/mathematical-models/scenarios_solver_types/scenario_solver_30_trains_30_units23.json","Cost of next node: Cost = 115.0 : 131.28 | cr=7, dd=0, da=0, tlv=3, sm=64, rd=171.56, cd=0, um=0","Time elapsed: 9.79 seconds","/home/thomasverwaal/Robust-Rail-NL/mathematical-models/local_search_plans_discreet/plan_30_trains_30_units23.json"
"/home/thomasverwaal/Robust-Rail-NL/mathematical-models/scenarios_solver_types/scenario_solver_30_trains_30_units23.json","Cost of next node: Cost = 105.0 : 121.30 | cr=6, dd=0, da=0, tlv=3, sm=65, rd=176.31, cd=0, um=0","Time elapsed: 10.54 seconds","/home/thomasverwaal/Robust-Rail-NL/mathematical-models/local_search_plans_discreet/plan_30_trains_30_units23.json"
"/home/thomasverwaal/Robust-Rail-NL/mathematical-models/scenarios_solver_types/scenario_solver_30_trains_30_units23.json","Cost of next node: Cost = 95.0 : 111.30 | cr=5, dd=0, da=0, tlv=3, sm=65, rd=180.00, cd=0, um=0","Time elapsed: 11.12 seconds","/home/thomasverwaal/Robust-Rail-NL/mathematical-models/local_search_plans_discreet/plan_30_trains_30_units23.json"
"/home/thomasverwaal/Robust-Rail-NL/mathematical-models/scenarios_solver_types/scenario_solver_30_trains_30_units23.json","Cost of next node: Cost = 85.0 : 101.32 | cr=4, dd=0, da=0, tlv=3, sm=66, rd=179.09, cd=0, um=0","Time elapsed: 11.66 seconds","/home/thomasverwaal/Robust-Rail-NL/mathematical-models/local_search_plans_discreet/plan_30_trains_30_units23.json"
"/home/thomasverwaal/Robust-Rail-NL/mathematical-models/scenarios_solver_types/scenario_solver_30_trains_30_units23.json","Cost of next node: Cost = 75.0 : 91.36 | cr=3, dd=0, da=0, tlv=3, sm=68, rd=177.35, cd=0, um=0","Time elapsed: 12.21 seconds","/home/thomasverwaal/Robust-Rail-NL/mathematical-models/local_search_plans_discreet/plan_30_trains_30_units23.json"
"/home/thomasverwaal/Robust-Rail-NL/mathematical-models/scenarios_solver_types/scenario_solver_30_trains_30_units23.json","Cost of next node: Cost = 70.0 : 91.36 | cr=1, dd=0, da=0, tlv=4, sm=68, rd=172.06, cd=0, um=0","Time elapsed: 16.54 seconds","/home/thomasverwaal/Robust-Rail-NL/mathematical-models/local_search_plans_discreet/plan_30_trains_30_units23.json"
"/home/thomasverwaal/Robust-Rail-NL/mathematical-models/scenarios_solver_types/scenario_solver_30_trains_30_units23.json","Cost of next node: Cost = 55.0 : 71.36 | cr=1, dd=0, da=0, tlv=3, sm=68, rd=172.06, cd=0, um=0","Time elapsed: 19.21 seconds","/home/thomasverwaal/Robust-Rail-NL/mathematical-models/local_search_plans_discreet/plan_30_trains_30_units23.json"
"/home/thomasverwaal/Robust-Rail-NL/mathematical-models/scenarios_solver_types/scenario_solver_30_trains_30_units23.json","Cost of next node: Cost = 45.0 : 61.40 | cr=0, dd=0, da=0, tlv=3, sm=70, rd=177.43, cd=0, um=0","Time elapsed: 25.17 seconds","/home/thomasverwaal/Robust-Rail-NL/mathematical-models/local_search_plans_discreet/plan_30_trains_30_units23.json"
"/home/thomasverwaal/Robust-Rail-NL/mathematical-models/scenarios_solver_types/scenario_solver_30_trains_30_units23.json","Cost of next node: Cost = 40.0 : 51.40 | cr=1, dd=0, da=0, tlv=2, sm=70, rd=179.14, cd=0, um=0","Time elapsed: 25.81 seconds","/home/thomasverwaal/Robust-Rail-NL/mathematical-models/local_search_plans_discreet/plan_30_trains_30_units23.json"
"/home/thomasverwaal/Robust-Rail-NL/mathematical-models/scenarios_solver_types/scenario_solver_30_trains_30_units23.json","Cost of next node: Cost = 30.0 : 41.44 | cr=0, dd=0, da=0, tlv=2, sm=72, rd=179.17, cd=0, um=0","Time elapsed: 26.64 seconds","/home/thomasverwaal/Robust-Rail-NL/mathematical-models/local_search_plans_discreet/plan_30_trains_30_units23.json"
"/home/thomasverwaal/Robust-Rail-NL/mathematical-models/scenarios_solver_types/scenario_solver_30_trains_30_units23.json","Cost of solution: Cost = 0.0 : 1.56 | cr=0, dd=0, da=0, tlv=0, sm=78, rd=162.31, cd=0, um=0","Total computation time: 00:02:43.9067827","/home/thomasverwaal/Robust-Rail-NL/mathematical-models/local_search_plans_discreet/plan_30_trains_30_units23.json"
"/home/thomasverwaal/Robust-Rail-NL/mathematical-models/scenarios_solver_types/scenario_solver_30_trains_30_units24.json","Cost of next node: Cost = 446.3 : 447.50 | cr=35, dd=1, da=2, tlv=0, sm=60, rd=186.00, cd=0, um=0","Time elapsed: 1.88 seconds","/home/thomasverwaal/Robust-Rail-NL/mathematical-models/local_search_plans_discreet/plan_30_trains_30_units24.json"
"/home/thomasverwaal/Robust-Rail-NL/mathematical-models/scenarios_solver_types/scenario_solver_30_trains_30_units24.json","Cost of next node: Cost = 419.5 : 425.70 | cr=35, dd=1, da=0, tlv=1, sm=60, rd=174.00, cd=0, um=0","Time elapsed: 2.29 seconds","/home/thomasverwaal/Robust-Rail-NL/mathematical-models/local_search_plans_discreet/plan_30_trains_30_units24.json"
"/home/thomasverwaal/Robust-Rail-NL/mathematical-models/scenarios_solver_types/scenario_solver_30_trains_30_units24.json","Cost of next node: Cost = 394.5 : 405.70 | cr=31, dd=1, da=0, tlv=2, sm=60, rd=180.00, cd=0, um=0","Time elapsed: 2.73 seconds","/home/thomasverwaal/Robust-Rail-NL/mathematical-models/local_search_plans_discreet/plan_30_trains_30_units24.json"
"/home/thomasverwaal/Robust-Rail-NL/mathematical-models/scenarios_solver_types/scenario_solver_30_trains_30_units24.json","Cost of next node: Cost = 369.5 : 375.70 | cr=30, dd=1, da=0, tlv=1, sm=60, rd=178.00, cd=0, um=0","Time elapsed: 2.80 seconds","/home/thomasverwaal/Robust-Rail-NL/mathematical-models/local_search_plans_discreet/plan_30_trains_30_units24.json"
"/home/thomasverwaal/Robust-Rail-NL/mathematical-models/scenarios_solver_types/scenario_solver_30_trains_30_units24.json","Cost of next node: Cost = 344.5 : 355.70 | cr=26, dd=1, da=0, tlv=2, sm=60, rd=176.00, cd=0, um=0","Time elapsed: 3.53 seconds","/home/thomasverwaal/Robust-Rail-NL/mathematical-models/local_search_plans_discreet/plan_30_trains_30_units24.json"
"/home/thomasverwaal/Robust-Rail-NL/mathematical-models/scenarios_solver_types/scenario_solver_30_trains_30_units24.json","Cost of next node: Cost = 290.4 : 306.60 | cr=17, dd=1, da=1, tlv=3, sm=60, rd=189.00, cd=0, um=0","Time elapsed: 4.09 seconds","/home/thomasverwaal/Robust-Rail-NL/mathematical-models/local_search_plans_discreet/plan_30_trains_30_units24.json"
"/home/thomasverwaal/Robust-Rail-NL/mathematical-models/scenarios_solver_types/scenario_solver_30_trains_30_units24.json","Cost of next node: Cost = 250.9 : 272.10 | cr=17, dd=0, da=1, tlv=4, sm=60, rd=181.00, cd=0, um=0","Time elapsed: 5.22 seconds","/home/thomasverwaal/Robust-Rail-NL/mathematical-models/local_search_plans_discreet/plan_30_trains_30_units24.json"
"/home/thomasverwaal/Robust-Rail-NL/mathematical-models/scenarios_solver_types/scenario_solver_30_trains_30_units24.json","Cost of next node: Cost = 230.0 : 251.22 | cr=17, dd=0, da=0, tlv=4, sm=61, rd=176.07, cd=0, um=0","Time elapsed: 6.66 seconds","/home/thomasverwaal/Robust-Rail-NL/mathematical-models/local_search_plans_discreet/plan_30_trains_30_units24.json"
"/home/thomasverwaal/Robust-Rail-NL/mathematical-models/scenarios_solver_types/scenario_solver_30_trains_30_units24.json","Cost of next node: Cost = 210.0 : 231.22 | cr=15, dd=0, da=0, tlv=4, sm=61, rd=173.11, cd=0, um=0","Time elapsed: 10.17 seconds","/home/thomasverwaal/Robust-Rail-NL/mathematical-models/local_search_plans_discreet/plan_30_trains_30_units24.json"
"/home/thomasverwaal/Robust-Rail-NL/mathematical-models/scenarios_solver_types/scenario_solver_30_trains_30_units24.json","Cost of next node: Cost = 190.0 : 211.22 | cr=13, dd=0, da=0, tlv=4, sm=61, rd=169.18, cd=0, um=0","Time elapsed: 11.17 seconds","/home/thomasverwaal/Robust-Rail-NL/mathematical-models/local_search_plans_discreet/plan_30_trains_30_units24.json"
"/home/thomasverwaal/Robust-Rail-NL/mathematical-models/scenarios_solver_types/scenario_solver_30_trains_30_units24.json","Cost of next node: Cost = 180.0 : 201.22 | cr=12, dd=0, da=0, tlv=4, sm=61, rd=171.15, cd=0, um=0","Time elapsed: 11.89 seconds","/home/thomasverwaal/Robust-Rail-NL/mathematical-models/local_search_plans_discreet/plan_30_trains_30_units24.json"
"/home/thomasverwaal/Robust-Rail-NL/mathematical-models/scenarios_solver_types/scenario_solver_30_trains_30_units24.json","Cost of next node: Cost = 170.0 : 191.22 | cr=11, dd=0, da=0, tlv=4, sm=61, rd=165.25, cd=0, um=0","Time elapsed: 12.68 seconds","/home/thomasverwaal/Robust-Rail-NL/mathematical-models/local_search_plans_discreet/plan_30_trains_30_units24.json"
"/home/thomasverwaal/Robust-Rail-NL/mathematical-models/scenarios_solver_types/scenario_solver_30_trains_30_units24.json","Cost of next node: Cost = 160.0 : 181.22 | cr=10, dd=0, da=0, tlv=4, sm=61, rd=168.20, cd=0, um=0","Time elapsed: 13.53 seconds","/home/thomasverwaal/Robust-Rail-NL/mathematical-models/local_search_plans_discreet/plan_30_trains_30_units24.json"
"/home/thomasverwaal/Robust-Rail-NL/mathematical-models/scenarios_solver_types/scenario_solver_30_trains_30_units24.json","Cost of next node: Cost = 140.0 : 161.22 | cr=8, dd=0, da=0, tlv=4, sm=61, rd=164.26, cd=0, um=0","Time elapsed: 14.38 seconds","/home/thomasverwaal/Robust-Rail-NL/mathematical-models/local_search_plans_discreet/plan_30_trains_30_units24.json"
"/home/thomasverwaal/Robust-Rail-NL/mathematical-models/scenarios_solver_types/scenario_solver_30_trains_30_units24.json","Cost of next node: Cost = 130.0 : 151.22 | cr=7, dd=0, da=0, tlv=4, sm=61, rd=167.21, cd=0, um=0","Time elapsed: 15.11 seconds","/home/thomasverwaal/Robust-Rail-NL/mathematical-models/local_search_plans_discreet/plan_30_trains_30_units24.json"
"/home/thomasverwaal/Robust-Rail-NL/mathematical-models/scenarios_solver_types/scenario_solver_30_trains_30_units24.json","Cost of next node: Cost = 120.0 : 141.22 | cr=6, dd=0, da=0, tlv=4, sm=61, rd=166.23, cd=0, um=0","Time elapsed: 15.83 seconds","/home/thomasverwaal/Robust-Rail-NL/mathematical-models/local_search_plans_discreet/plan_30_trains_30_units24.json"
"/home/thomasverwaal/Robust-Rail-NL/mathematical-models/scenarios_solver_types/scenario_solver_30_trains_30_units24.json","Cost of next node: Cost = 110.0 : 131.22 | cr=5, dd=0, da=0, tlv=4, sm=61, rd=158.36, cd=0, um=0","Time elapsed: 16.42 seconds","/home/thomasverwaal/Robust-Rail-NL/mathematical-models/local_search_plans_discreet/plan_30_trains_30_units24.json"
"/home/thomasverwaal/Robust-Rail-NL/mathematical-models/scenarios_solver_types/scenario_solver_30_trains_30_units24.json","Cost of next node: Cost = 100.0 : 121.22 | cr=4, dd=0, da=0, tlv=4, sm=61, rd=164.26, cd=0, um=0","Time elapsed: 17.05 seconds","/home/thomasverwaal/Robust-Rail-NL/mathematical-models/local_search_plans_discreet/plan_30_trains_30_units24.json"
"/home/thomasverwaal/Robust-Rail-NL/mathematical-models/scenarios_solver_types/scenario_solver_30_trains_30_units24.json","Cost of next node: Cost = 90.0 : 111.24 | cr=3, dd=0, da=0, tlv=4, sm=62, rd=163.55, cd=0, um=0","Time elapsed: 17.56 seconds","/home/thomasverwaal/Robust-Rail-NL/mathematical-models/local_search_plans_discreet/plan_30_trains_30_units24.json"
"/home/thomasverwaal/Robust-Rail-NL/mathematical-models/scenarios_solver_types/scenario_solver_30_trains_30_units24.json","Cost of next node: Cost = 80.0 : 101.26 | cr=2, dd=0, da=0, tlv=4, sm=63, rd=162.86, cd=0, um=0","Time elapsed: 18.01 seconds","/home/thomasverwaal/Robust-Rail-NL/mathematical-models/local_search_plans_discreet/plan_30_trains_30_units24.json"
"/home/thomasverwaal/Robust-Rail-NL/mathematical-models/scenarios_solver_types/scenario_solver_30_trains_30_units24.json","Cost of next node: Cost = 75.0 : 91.26 | cr=3, dd=0, da=0, tlv=3, sm=63, rd=163.81, cd=0, um=0","Time elapsed: 18.49 seconds","/home/thomasverwaal/Robust-Rail-NL/mathematical-models/local_search_plans_discreet/plan_30_trains_30_units24.json"
"/home/thomasverwaal/Robust-Rail-NL/mathematical-models/scenarios_solver_types/scenario_solver_30_trains_30_units24.json","Cost of next node: Cost = 60.0 : 71.24 | cr=3, dd=0, da=0, tlv=2, sm=62, rd=164.52, cd=0, um=0","Time elapsed: 19.07 seconds","/home/thomasverwaal/Robust-Rail-NL/mathematical-models/local_search_plans_discreet/plan_30_trains_30_units24.json"
"/home/thomasverwaal/Robust-Rail-NL/mathematical-models/scenarios_solver_types/scenario_solver_30_trains_30_units24.json","Cost of next node: Cost = 55.0 : 61.24 | cr=4, dd=0, da=0, tlv=1, sm=62, rd=166.45, cd=0, um=0","Time elapsed: 19.48 seconds","/home/thomasverwaal/Robust-Rail-NL/mathematical-models/local_search_plans_discreet/plan_30_trains_30_units24.json"
"/home/thomasverwaal/Robust-Rail-NL/mathematical-models/scenarios_solver_types/scenario_solver_30_trains_30_units24.json","Cost of next node: Cost = 50.0 : 61.24 | cr=2, dd=0, da=0, tlv=2, sm=62, rd=168.39, cd=0, um=0","Time elapsed: 19.94 seconds","/home/thomasverwaal/Robust-Rail-NL/mathematical-models/local_search_plans_discreet/plan_30_trains_30_units24.json"
"/home/thomasverwaal/Robust-Rail-NL/mathematical-models/scenarios_solver_types/scenario_solver_30_trains_30_units24.json","Cost of solution: Cost = 0.0 : 1.32 | cr=0, dd=0, da=0, tlv=0, sm=66, rd=178.18, cd=0, um=0","Total computation time: 00:01:11.9586704","/home/thomasverwaal/Robust-Rail-NL/mathematical-models/local_search_plans_discreet/plan_30_trains_30_units24.json"
"/home/thomasverwaal/Robust-Rail-NL/mathematical-models/scenarios_solver_types/scenario_solver_30_trains_30_units25.json","Cost of next node: Cost = 555.5 : 556.75 | cr=36, dd=3, da=2, tlv=0, sm=60, rd=184.00, cd=0, um=0","Time elapsed: 1.83 seconds","/home/thomasverwaal/Robust-Rail-NL/mathematical-models/local_search_plans_discreet/plan_30_trains_30_units25.json"
"/home/thomasverwaal/Robust-Rail-NL/mathematical-models/scenarios_solver_types/scenario_solver_30_trains_30_units25.json","Cost of next node: Cost = 530.5 : 536.75 | cr=34, dd=3, da=1, tlv=1, sm=60, rd=180.00, cd=0, um=0","Time elapsed: 1.97 seconds","/home/thomasverwaal/Robust-Rail-NL/mathematical-models/local_search_plans_discreet/plan_30_trains_30_units25.json"
"/home/thomasverwaal/Robust-Rail-NL/mathematical-models/scenarios_solver_types/scenario_solver_30_trains_30_units25.json","Cost of next node: Cost = 505.6 : 516.75 | cr=30, dd=3, da=1, tlv=2, sm=60, rd=174.00, cd=0, um=0","Time elapsed: 2.38 seconds","/home/thomasverwaal/Robust-Rail-NL/mathematical-models/local_search_plans_discreet/plan_30_trains_30_units25.json"
"/home/thomasverwaal/Robust-Rail-NL/mathematical-models/scenarios_solver_types/scenario_solver_30_trains_30_units25.json","Cost of next node: Cost = 480.6 : 486.75 | cr=29, dd=3, da=1, tlv=1, sm=60, rd=178.00, cd=0, um=0","Time elapsed: 2.43 seconds","/home/thomasverwaal/Robust-Rail-NL/mathematical-models/local_search_plans_discreet/plan_30_trains_30_units25.json"
"/home/thomasverwaal/Robust-Rail-NL/mathematical-models/scenarios_solver_types/scenario_solver_30_trains_30_units25.json","Cost of next node: Cost = 455.6 : 466.75 | cr=25, dd=3, da=1, tlv=2, sm=60, rd=172.00, cd=0, um=0","Time elapsed: 2.79 seconds","/home/thomasverwaal/Robust-Rail-NL/mathematical-models/local_search_plans_discreet/plan_30_trains_30_units25.json"
"/home/thomasverwaal/Robust-Rail-NL/mathematical-models/scenarios_solver_types/scenario_solver_30_trains_30_units25.json","Cost of next node: Cost = 430.6 : 446.75 | cr=21, dd=3, da=1, tlv=3, sm=60, rd=182.00, cd=0, um=0","Time elapsed: 3.04 seconds","/home/thomasverwaal/Robust-Rail-NL/mathematical-models/local_search_plans_discreet/plan_30_trains_30_units25.json"
"/home/thomasverwaal/Robust-Rail-NL/mathematical-models/scenarios_solver_types/scenario_solver_30_trains_30_units25.json","Cost of next node: Cost = 384.8 : 406.00 | cr=20, dd=2, da=1, tlv=4, sm=60, rd=178.00, cd=0, um=0","Time elapsed: 3.31 seconds","/home/thomasverwaal/Robust-Rail-NL/mathematical-models/local_search_plans_discreet/plan_30_trains_30_units25.json"
"/home/thomasverwaal/Robust-Rail-NL/mathematical-models/scenarios_solver_types/scenario_solver_30_trains_30_units25.json","Cost of next node: Cost = 363.0 : 384.20 | cr=20, dd=2, da=0, tlv=4, sm=60, rd=170.00, cd=0, um=0","Time elapsed: 3.78 seconds","/home/thomasverwaal/Robust-Rail-NL/mathematical-models/local_search_plans_discreet/plan_30_trains_30_units25.json"
"/home/thomasverwaal/Robust-Rail-NL/mathematical-models/scenarios_solver_types/scenario_solver_30_trains_30_units25.json","Cost of next node: Cost = 338.0 : 364.20 | cr=16, dd=2, da=0, tlv=5, sm=60, rd=170.00, cd=0, um=0","Time elapsed: 4.32 seconds","/home/thomasverwaal/Robust-Rail-NL/mathematical-models/local_search_plans_discreet/plan_30_trains_30_units25.json"
"/home/thomasverwaal/Robust-Rail-NL/mathematical-models/scenarios_solver_types/scenario_solver_30_trains_30_units25.json","Cost of next node: Cost = 313.9 : 345.10 | cr=10, dd=2, da=1, tlv=6, sm=60, rd=174.00, cd=0, um=0","Time elapsed: 4.82 seconds","/home/thomasverwaal/Robust-Rail-NL/mathematical-models/local_search_plans_discreet/plan_30_trains_30_units25.json"
"/home/thomasverwaal/Robust-Rail-NL/mathematical-models/scenarios_solver_types/scenario_solver_30_trains_30_units25.json","Cost of next node: Cost = 225.9 : 262.10 | cr=10, dd=0, da=1, tlv=7, sm=60, rd=162.00, cd=0, um=0","Time elapsed: 5.48 seconds","/home/thomasverwaal/Robust-Rail-NL/mathematical-models/local_search_plans_discreet/plan_30_trains_30_units25.json"
"/home/thomasverwaal/Robust-Rail-NL/mathematical-models/scenarios_solver_types/scenario_solver_30_trains_30_units25.json","Cost of next node: Cost = 195.9 : 232.12 | cr=7, dd=0, da=1, tlv=7, sm=61, rd=167.21, cd=0, um=0","Time elapsed: 6.32 seconds","/home/thomasverwaal/Robust-Rail-NL/mathematical-models/local_search_plans_discreet/plan_30_trains_30_units25.json"
"/home/thomasverwaal/Robust-Rail-NL/mathematical-models/scenarios_solver_types/scenario_solver_30_trains_30_units25.json","Cost of next node: Cost = 175.9 : 212.12 | cr=5, dd=0, da=1, tlv=7, sm=61, rd=173.11, cd=0, um=0","Time elapsed: 7.32 seconds","/home/thomasverwaal/Robust-Rail-NL/mathematical-models/local_search_plans_discreet/plan_30_trains_30_units25.json"
"/home/thomasverwaal/Robust-Rail-NL/mathematical-models/scenarios_solver_types/scenario_solver_30_trains_30_units25.json","Cost of next node: Cost = 155.0 : 191.22 | cr=5, dd=0, da=0, tlv=7, sm=61, rd=175.08, cd=0, um=0","Time elapsed: 7.48 seconds","/home/thomasverwaal/Robust-Rail-NL/mathematical-models/local_search_plans_discreet/plan_30_trains_30_units25.json"
"/home/thomasverwaal/Robust-Rail-NL/mathematical-models/scenarios_solver_types/scenario_solver_30_trains_30_units25.json","Cost of next node: Cost = 130.0 : 161.22 | cr=4, dd=0, da=0, tlv=6, sm=61, rd=173.11, cd=0, um=0","Time elapsed: 7.66 seconds","/home/thomasverwaal/Robust-Rail-NL/mathematical-models/local_search_plans_discreet/plan_30_trains_30_units25.json"
"/home/thomasverwaal/Robust-Rail-NL/mathematical-models/scenarios_solver_types/scenario_solver_30_trains_30_units25.json","Cost of next node: Cost = 120.0 : 151.20 | cr=3, dd=0, da=0, tlv=6, sm=60, rd=170.00, cd=0, um=0","Time elapsed: 8.77 seconds","/home/thomasverwaal/Robust-Rail-NL/mathematical-models/local_search_plans_discreet/plan_30_trains_30_units25.json"
"/home/thomasverwaal/Robust-Rail-NL/mathematical-models/scenarios_solver_types/scenario_solver_30_trains_30_units25.json","Cost of next node: Cost = 110.0 : 141.22 | cr=2, dd=0, da=0, tlv=6, sm=61, rd=166.23, cd=0, um=0","Time elapsed: 9.57 seconds","/home/thomasverwaal/Robust-Rail-NL/mathematical-models/local_search_plans_discreet/plan_30_trains_30_units25.json"
"/home/thomasverwaal/Robust-Rail-NL/mathematical-models/scenarios_solver_types/scenario_solver_30_trains_30_units25.json","Cost of next node: Cost = 105.0 : 131.22 | cr=3, dd=0, da=0, tlv=5, sm=61, rd=168.20, cd=0, um=0","Time elapsed: 12.18 seconds","/home/thomasverwaal/Robust-Rail-NL/mathematical-models/local_search_plans_discreet/plan_30_trains_30_units25.json"
"/home/thomasverwaal/Robust-Rail-NL/mathematical-models/scenarios_solver_types/scenario_solver_30_trains_30_units25.json","Cost of next node: Cost = 95.0 : 121.26 | cr=2, dd=0, da=0, tlv=5, sm=63, rd=166.67, cd=0, um=0","Time elapsed: 13.23 seconds","/home/thomasverwaal/Robust-Rail-NL/mathematical-models/local_search_plans_discreet/plan_30_trains_30_units25.json"
"/home/thomasverwaal/Robust-Rail-NL/mathematical-models/scenarios_solver_types/scenario_solver_30_trains_30_units25.json","Cost of next node: Cost = 85.0 : 111.36 | cr=1, dd=0, da=0, tlv=5, sm=68, rd=165.00, cd=0, um=0","Time elapsed: 25.17 seconds","/home/thomasverwaal/Robust-Rail-NL/mathematical-models/local_search_plans_discreet/plan_30_trains_30_units25.json"
"/home/thomasverwaal/Robust-Rail-NL/mathematical-models/scenarios_solver_types/scenario_solver_30_trains_30_units25.json","Cost of next node: Cost = 80.0 : 101.36 | cr=2, dd=0, da=0, tlv=4, sm=68, rd=165.00, cd=0, um=0","Time elapsed: 25.98 seconds","/home/thomasverwaal/Robust-Rail-NL/mathematical-models/local_search_plans_discreet/plan_30_trains_30_units25.json"
"/home/thomasverwaal/Robust-Rail-NL/mathematical-models/scenarios_solver_types/scenario_solver_30_trains_30_units25.json","Cost of solution: Cost = 0.0 : 1.46 | cr=0, dd=0, da=0, tlv=0, sm=73, rd=163.56, cd=0, um=0","Total computation time: 00:02:22.1974706","/home/thomasverwaal/Robust-Rail-NL/mathematical-models/local_search_plans_discreet/plan_30_trains_30_units25.json"
"/home/thomasverwaal/Robust-Rail-NL/mathematical-models/scenarios_solver_types/scenario_solver_30_trains_30_units26.json","Cost of next node: Cost = 499.9 : 506.10 | cr=36, dd=2, da=1, tlv=1, sm=60, rd=189.00, cd=0, um=0","Time elapsed: 1.89 seconds","/home/thomasverwaal/Robust-Rail-NL/mathematical-models/local_search_plans_discreet/plan_30_trains_30_units26.json"
"/home/thomasverwaal/Robust-Rail-NL/mathematical-models/scenarios_solver_types/scenario_solver_30_trains_30_units26.json","Cost of next node: Cost = 473.9 : 485.10 | cr=32, dd=2, da=1, tlv=2, sm=60, rd=183.00, cd=0, um=0","Time elapsed: 2.37 seconds","/home/thomasverwaal/Robust-Rail-NL/mathematical-models/local_search_plans_discreet/plan_30_trains_30_units26.json"
"/home/thomasverwaal/Robust-Rail-NL/mathematical-models/scenarios_solver_types/scenario_solver_30_trains_30_units26.json","Cost of next node: Cost = 453.0 : 464.20 | cr=32, dd=2, da=0, tlv=2, sm=60, rd=183.00, cd=0, um=0","Time elapsed: 2.50 seconds","/home/thomasverwaal/Robust-Rail-NL/mathematical-models/local_search_plans_discreet/plan_30_trains_30_units26.json"
"/home/thomasverwaal/Robust-Rail-NL/mathematical-models/scenarios_solver_types/scenario_solver_30_trains_30_units26.json","Cost of next node: Cost = 423.0 : 434.20 | cr=29, dd=2, da=0, tlv=2, sm=60, rd=176.00, cd=0, um=0","Time elapsed: 2.95 seconds","/home/thomasverwaal/Robust-Rail-NL/mathematical-models/local_search_plans_discreet/plan_30_trains_30_units26.json"
"/home/thomasverwaal/Robust-Rail-NL/mathematical-models/scenarios_solver_types/scenario_solver_30_trains_30_units26.json","Cost of next node: Cost = 393.9 : 405.10 | cr=24, dd=2, da=1, tlv=2, sm=60, rd=178.00, cd=0, um=0","Time elapsed: 3.66 seconds","/home/thomasverwaal/Robust-Rail-NL/mathematical-models/local_search_plans_discreet/plan_30_trains_30_units26.json"
"/home/thomasverwaal/Robust-Rail-NL/mathematical-models/scenarios_solver_types/scenario_solver_30_trains_30_units26.json","Cost of next node: Cost = 358.9 : 375.10 | cr=14, dd=3, da=1, tlv=3, sm=60, rd=185.00, cd=0, um=0","Time elapsed: 4.31 seconds","/home/thomasverwaal/Robust-Rail-NL/mathematical-models/local_search_plans_discreet/plan_30_trains_30_units26.json"
"/home/thomasverwaal/Robust-Rail-NL/mathematical-models/scenarios_solver_types/scenario_solver_30_trains_30_units26.json","Cost of next node: Cost = 323.9 : 345.10 | cr=14, dd=2, da=1, tlv=4, sm=60, rd=185.00, cd=0, um=0","Time elapsed: 4.52 seconds","/home/thomasverwaal/Robust-Rail-NL/mathematical-models/local_search_plans_discreet/plan_30_trains_30_units26.json"
"/home/thomasverwaal/Robust-Rail-NL/mathematical-models/scenarios_solver_types/scenario_solver_30_trains_30_units26.json","Cost of next node: Cost = 195.9 : 222.10 | cr=10, dd=0, da=1, tlv=5, sm=60, rd=173.00, cd=0, um=0","Time elapsed: 5.49 seconds","/home/thomasverwaal/Robust-Rail-NL/mathematical-models/local_search_plans_discreet/plan_30_trains_30_units26.json"
"/home/thomasverwaal/Robust-Rail-NL/mathematical-models/scenarios_solver_types/scenario_solver_30_trains_30_units26.json","Cost of next node: Cost = 165.9 : 192.10 | cr=7, dd=0, da=1, tlv=5, sm=60, rd=176.00, cd=0, um=0","Time elapsed: 5.58 seconds","/home/thomasverwaal/Robust-Rail-NL/mathematical-models/local_search_plans_discreet/plan_30_trains_30_units26.json"
"/home/thomasverwaal/Robust-Rail-NL/mathematical-models/scenarios_solver_types/scenario_solver_30_trains_30_units26.json","Cost of next node: Cost = 150.9 : 172.12 | cr=7, dd=0, da=1, tlv=4, sm=61, rd=175.08, cd=0, um=0","Time elapsed: 6.50 seconds","/home/thomasverwaal/Robust-Rail-NL/mathematical-models/local_search_plans_discreet/plan_30_trains_30_units26.json"
"/home/thomasverwaal/Robust-Rail-NL/mathematical-models/scenarios_solver_types/scenario_solver_30_trains_30_units26.json","Cost of next node: Cost = 140.9 : 162.12 | cr=6, dd=0, da=1, tlv=4, sm=61, rd=171.15, cd=0, um=0","Time elapsed: 7.14 seconds","/home/thomasverwaal/Robust-Rail-NL/mathematical-models/local_search_plans_discreet/plan_30_trains_30_units26.json"
"/home/thomasverwaal/Robust-Rail-NL/mathematical-models/scenarios_solver_types/scenario_solver_30_trains_30_units26.json","Cost of next node: Cost = 130.9 : 152.16 | cr=5, dd=0, da=1, tlv=4, sm=63, rd=169.52, cd=0, um=0","Time elapsed: 7.78 seconds","/home/thomasverwaal/Robust-Rail-NL/mathematical-models/local_search_plans_discreet/plan_30_trains_30_units26.json"
"/home/thomasverwaal/Robust-Rail-NL/mathematical-models/scenarios_solver_types/scenario_solver_30_trains_30_units26.json","Cost of next node: Cost = 125.0 : 151.26 | cr=5, dd=0, da=0, tlv=5, sm=63, rd=168.57, cd=0, um=0","Time elapsed: 8.52 seconds","/home/thomasverwaal/Robust-Rail-NL/mathematical-models/local_search_plans_discreet/plan_30_trains_30_units26.json"
"/home/thomasverwaal/Robust-Rail-NL/mathematical-models/scenarios_solver_types/scenario_solver_30_trains_30_units26.json","Cost of next node: Cost = 110.0 : 131.30 | cr=5, dd=0, da=0, tlv=4, sm=65, rd=166.15, cd=0, um=0","Time elapsed: 10.17 seconds","/home/thomasverwaal/Robust-Rail-NL/mathematical-models/local_search_plans_discreet/plan_30_trains_30_units26.json"
"/home/thomasverwaal/Robust-Rail-NL/mathematical-models/scenarios_solver_types/scenario_solver_30_trains_30_units26.json","Cost of next node: Cost = 105.0 : 121.32 | cr=6, dd=0, da=0, tlv=3, sm=66, rd=165.45, cd=0, um=0","Time elapsed: 11.64 seconds","/home/thomasverwaal/Robust-Rail-NL/mathematical-models/local_search_plans_discreet/plan_30_trains_30_units26.json"
"/home/thomasverwaal/Robust-Rail-NL/mathematical-models/scenarios_solver_types/scenario_solver_30_trains_30_units26.json","Cost of next node: Cost = 100.0 : 121.32 | cr=4, dd=0, da=0, tlv=4, sm=66, rd=156.36, cd=0, um=0","Time elapsed: 12.29 seconds","/home/thomasverwaal/Robust-Rail-NL/mathematical-models/local_search_plans_discreet/plan_30_trains_30_units26.json"
"/home/thomasverwaal/Robust-Rail-NL/mathematical-models/scenarios_solver_types/scenario_solver_30_trains_30_units26.json","Cost of next node: Cost = 95.0 : 111.32 | cr=5, dd=0, da=0, tlv=3, sm=66, rd=155.45, cd=0, um=0","Time elapsed: 13.10 seconds","/home/thomasverwaal/Robust-Rail-NL/mathematical-models/local_search_plans_discreet/plan_30_trains_30_units26.json"
"/home/thomasverwaal/Robust-Rail-NL/mathematical-models/scenarios_solver_types/scenario_solver_30_trains_30_units26.json","Cost of next node: Cost = 85.0 : 101.32 | cr=4, dd=0, da=0, tlv=3, sm=66, rd=156.36, cd=0, um=0","Time elapsed: 13.80 seconds","/home/thomasverwaal/Robust-Rail-NL/mathematical-models/local_search_plans_discreet/plan_30_trains_30_units26.json"
"/home/thomasverwaal/Robust-Rail-NL/mathematical-models/scenarios_solver_types/scenario_solver_30_trains_30_units26.json","Cost of next node: Cost = 75.0 : 91.32 | cr=3, dd=0, da=0, tlv=3, sm=66, rd=160.00, cd=0, um=0","Time elapsed: 14.42 seconds","/home/thomasverwaal/Robust-Rail-NL/mathematical-models/local_search_plans_discreet/plan_30_trains_30_units26.json"
"/home/thomasverwaal/Robust-Rail-NL/mathematical-models/scenarios_solver_types/scenario_solver_30_trains_30_units26.json","Cost of next node: Cost = 65.0 : 81.34 | cr=2, dd=0, da=0, tlv=3, sm=67, rd=159.40, cd=0, um=0","Time elapsed: 15.07 seconds","/home/thomasverwaal/Robust-Rail-NL/mathematical-models/local_search_plans_discreet/plan_30_trains_30_units26.json"
"/home/thomasverwaal/Robust-Rail-NL/mathematical-models/scenarios_solver_types/scenario_solver_30_trains_30_units26.json","Cost of next node: Cost = 60.0 : 71.34 | cr=3, dd=0, da=0, tlv=2, sm=67, rd=164.78, cd=0, um=0","Time elapsed: 17.11 seconds","/home/thomasverwaal/Robust-Rail-NL/mathematical-models/local_search_plans_discreet/plan_30_trains_30_units26.json"
"/home/thomasverwaal/Robust-Rail-NL/mathematical-models/scenarios_solver_types/scenario_solver_30_trains_30_units26.json","Cost of next node: Cost = 50.0 : 61.36 | cr=2, dd=0, da=0, tlv=2, sm=68, rd=165.88, cd=0, um=0","Time elapsed: 17.64 seconds","/home/thomasverwaal/Robust-Rail-NL/mathematical-models/local_search_plans_discreet/plan_30_trains_30_units26.json"
"/home/thomasverwaal/Robust-Rail-NL/mathematical-models/scenarios_solver_types/scenario_solver_30_trains_30_units26.json","Cost of solution: Cost = 0.0 : 1.54 | cr=0, dd=0, da=0, tlv=0, sm=77, rd=156.62, cd=0, um=0","Total computation time: 00:02:19.2384070","/home/thomasverwaal/Robust-Rail-NL/mathematical-models/local_search_plans_discreet/plan_30_trains_30_units26.json"
"/home/thomasverwaal/Robust-Rail-NL/mathematical-models/scenarios_solver_types/scenario_solver_30_trains_30_units27.json","Cost of next node: Cost = 528.3 : 534.50 | cr=44, dd=1, da=1, tlv=1, sm=60, rd=184.00, cd=0, um=0","Time elapsed: 1.77 seconds","/home/thomasverwaal/Robust-Rail-NL/mathematical-models/local_search_plans_discreet/plan_30_trains_30_units27.json"
"/home/thomasverwaal/Robust-Rail-NL/mathematical-models/scenarios_solver_types/scenario_solver_30_trains_30_units27.json","Cost of next node: Cost = 498.3 : 504.50 | cr=41, dd=1, da=1, tlv=1, sm=60, rd=180.00, cd=0, um=0","Time elapsed: 2.14 seconds","/home/thomasverwaal/Robust-Rail-NL/mathematical-models/local_search_plans_discreet/plan_30_trains_30_units27.json"
"/home/thomasverwaal/Robust-Rail-NL/mathematical-models/scenarios_solver_types/scenario_solver_30_trains_30_units27.json","Cost of next node: Cost = 468.3 : 474.50 | cr=38, dd=1, da=1, tlv=1, sm=60, rd=173.00, cd=0, um=0","Time elapsed: 2.48 seconds","/home/thomasverwaal/Robust-Rail-NL/mathematical-models/local_search_plans_discreet/plan_30_trains_30_units27.json"
"/home/thomasverwaal/Robust-Rail-NL/mathematical-models/scenarios_solver_types/scenario_solver_30_trains_30_units27.json","Cost of next node: Cost = 443.3 : 454.50 | cr=34, dd=1, da=1, tlv=2, sm=60, rd=169.00, cd=0, um=0","Time elapsed: 2.75 seconds","/home/thomasverwaal/Robust-Rail-NL/mathematical-models/local_search_plans_discreet/plan_30_trains_30_units27.json"
"/home/thomasverwaal/Robust-Rail-NL/mathematical-models/scenarios_solver_types/scenario_solver_30_trains_30_units27.json","Cost of next node: Cost = 418.3 : 434.50 | cr=30, dd=1, da=1, tlv=3, sm=60, rd=167.00, cd=0, um=0","Time elapsed: 3.10 seconds","/home/thomasverwaal/Robust-Rail-NL/mathematical-models/local_search_plans_discreet/plan_30_trains_30_units27.json"
"/home/thomasverwaal/Robust-Rail-NL/mathematical-models/scenarios_solver_types/scenario_solver_30_trains_30_units27.json","Cost of next node: Cost = 391.5 : 412.70 | cr=28, dd=1, da=0, tlv=4, sm=60, rd=161.00, cd=0, um=0","Time elapsed: 3.65 seconds","/home/thomasverwaal/Robust-Rail-NL/mathematical-models/local_search_plans_discreet/plan_30_trains_30_units27.json"
"/home/thomasverwaal/Robust-Rail-NL/mathematical-models/scenarios_solver_types/scenario_solver_30_trains_30_units27.json","Cost of next node: Cost = 367.4 : 393.60 | cr=22, dd=1, da=1, tlv=5, sm=60, rd=167.00, cd=0, um=0","Time elapsed: 4.05 seconds","/home/thomasverwaal/Robust-Rail-NL/mathematical-models/local_search_plans_discreet/plan_30_trains_30_units27.json"
"/home/thomasverwaal/Robust-Rail-NL/mathematical-models/scenarios_solver_types/scenario_solver_30_trains_30_units27.json","Cost of next node: Cost = 341.5 : 372.70 | cr=20, dd=1, da=0, tlv=6, sm=60, rd=167.00, cd=0, um=0","Time elapsed: 4.38 seconds","/home/thomasverwaal/Robust-Rail-NL/mathematical-models/local_search_plans_discreet/plan_30_trains_30_units27.json"
"/home/thomasverwaal/Robust-Rail-NL/mathematical-models/scenarios_solver_types/scenario_solver_30_trains_30_units27.json","Cost of next node: Cost = 316.5 : 342.70 | cr=19, dd=1, da=0, tlv=5, sm=60, rd=169.00, cd=0, um=0","Time elapsed: 4.43 seconds","/home/thomasverwaal/Robust-Rail-NL/mathematical-models/local_search_plans_discreet/plan_30_trains_30_units27.json"
"/home/thomasverwaal/Robust-Rail-NL/mathematical-models/scenarios_solver_types/scenario_solver_30_trains_30_units27.json","Cost of next node: Cost = 291.5 : 322.70 | cr=15, dd=1, da=0, tlv=6, sm=60, rd=177.00, cd=0, um=0","Time elapsed: 4.61 seconds","/home/thomasverwaal/Robust-Rail-NL/mathematical-models/local_search_plans_discreet/plan_30_trains_30_units27.json"
"/home/thomasverwaal/Robust-Rail-NL/mathematical-models/scenarios_solver_types/scenario_solver_30_trains_30_units27.json","Cost of next node: Cost = 266.5 : 292.70 | cr=14, dd=1, da=0, tlv=5, sm=60, rd=177.00, cd=0, um=0","Time elapsed: 4.83 seconds","/home/thomasverwaal/Robust-Rail-NL/mathematical-models/local_search_plans_discreet/plan_30_trains_30_units27.json"
"/home/thomasverwaal/Robust-Rail-NL/mathematical-models/scenarios_solver_types/scenario_solver_30_trains_30_units27.json","Cost of next node: Cost = 236.5 : 262.70 | cr=11, dd=1, da=0, tlv=5, sm=60, rd=169.00, cd=0, um=0","Time elapsed: 5.02 seconds","/home/thomasverwaal/Robust-Rail-NL/mathematical-models/local_search_plans_discreet/plan_30_trains_30_units27.json"
"/home/thomasverwaal/Robust-Rail-NL/mathematical-models/scenarios_solver_types/scenario_solver_30_trains_30_units27.json","Cost of next node: Cost = 180.0 : 211.20 | cr=9, dd=0, da=0, tlv=6, sm=60, rd=157.00, cd=0, um=0","Time elapsed: 5.20 seconds","/home/thomasverwaal/Robust-Rail-NL/mathematical-models/local_search_plans_discreet/plan_30_trains_30_units27.json"
"/home/thomasverwaal/Robust-Rail-NL/mathematical-models/scenarios_solver_types/scenario_solver_30_trains_30_units27.json","Cost of next node: Cost = 170.0 : 201.20 | cr=8, dd=0, da=0, tlv=6, sm=60, rd=157.00, cd=0, um=0","Time elapsed: 6.18 seconds","/home/thomasverwaal/Robust-Rail-NL/mathematical-models/local_search_plans_discreet/plan_30_trains_30_units27.json"
"/home/thomasverwaal/Robust-Rail-NL/mathematical-models/scenarios_solver_types/scenario_solver_30_trains_30_units27.json","Cost of next node: Cost = 160.0 : 191.20 | cr=7, dd=0, da=0, tlv=6, sm=60, rd=149.00, cd=0, um=0","Time elapsed: 7.02 seconds","/home/thomasverwaal/Robust-Rail-NL/mathematical-models/local_search_plans_discreet/plan_30_trains_30_units27.json"
"/home/thomasverwaal/Robust-Rail-NL/mathematical-models/scenarios_solver_types/scenario_solver_30_trains_30_units27.json","Cost of next node: Cost = 145.0 : 171.20 | cr=7, dd=0, da=0, tlv=5, sm=60, rd=147.00, cd=0, um=0","Time elapsed: 7.87 seconds","/home/thomasverwaal/Robust-Rail-NL/mathematical-models/local_search_plans_discreet/plan_30_trains_30_units27.json"
"/home/thomasverwaal/Robust-Rail-NL/mathematical-models/scenarios_solver_types/scenario_solver_30_trains_30_units27.json","Cost of next node: Cost = 130.0 : 151.22 | cr=7, dd=0, da=0, tlv=4, sm=61, rd=152.46, cd=0, um=0","Time elapsed: 8.64 seconds","/home/thomasverwaal/Robust-Rail-NL/mathematical-models/local_search_plans_discreet/plan_30_trains_30_units27.json"
"/home/thomasverwaal/Robust-Rail-NL/mathematical-models/scenarios_solver_types/scenario_solver_30_trains_30_units27.json","Cost of next node: Cost = 110.0 : 131.24 | cr=5, dd=0, da=0, tlv=4, sm=62, rd=153.87, cd=0, um=0","Time elapsed: 9.23 seconds","/home/thomasverwaal/Robust-Rail-NL/mathematical-models/local_search_plans_discreet/plan_30_trains_30_units27.json"
"/home/thomasverwaal/Robust-Rail-NL/mathematical-models/scenarios_solver_types/scenario_solver_30_trains_30_units27.json","Cost of next node: Cost = 100.0 : 121.28 | cr=4, dd=0, da=0, tlv=4, sm=64, rd=152.81, cd=0, um=0","Time elapsed: 9.72 seconds","/home/thomasverwaal/Robust-Rail-NL/mathematical-models/local_search_plans_discreet/plan_30_trains_30_units27.json"
"/home/thomasverwaal/Robust-Rail-NL/mathematical-models/scenarios_solver_types/scenario_solver_30_trains_30_units27.json","Cost of next node: Cost = 90.0 : 111.32 | cr=3, dd=0, da=0, tlv=4, sm=66, rd=151.82, cd=0, um=0","Time elapsed: 10.17 seconds","/home/thomasverwaal/Robust-Rail-NL/mathematical-models/local_search_plans_discreet/plan_30_trains_30_units27.json"
"/home/thomasverwaal/Robust-Rail-NL/mathematical-models/scenarios_solver_types/scenario_solver_30_trains_30_units27.json","Cost of next node: Cost = 75.0 : 91.32 | cr=3, dd=0, da=0, tlv=3, sm=66, rd=158.18, cd=0, um=0","Time elapsed: 10.65 seconds","/home/thomasverwaal/Robust-Rail-NL/mathematical-models/local_search_plans_discreet/plan_30_trains_30_units27.json"
"/home/thomasverwaal/Robust-Rail-NL/mathematical-models/scenarios_solver_types/scenario_solver_30_trains_30_units27.json","Cost of next node: Cost = 65.0 : 81.32 | cr=2, dd=0, da=0, tlv=3, sm=66, rd=158.18, cd=0, um=0","Time elapsed: 11.15 seconds","/home/thomasverwaal/Robust-Rail-NL/mathematical-models/local_search_plans_discreet/plan_30_trains_30_units27.json"
"/home/thomasverwaal/Robust-Rail-NL/mathematical-models/scenarios_solver_types/scenario_solver_30_trains_30_units27.json","Cost of next node: Cost = 55.0 : 71.36 | cr=1, dd=0, da=0, tlv=3, sm=68, rd=158.82, cd=0, um=0","Time elapsed: 11.85 seconds","/home/thomasverwaal/Robust-Rail-NL/mathematical-models/local_search_plans_discreet/plan_30_trains_30_units27.json"
"/home/thomasverwaal/Robust-Rail-NL/mathematical-models/scenarios_solver_types/scenario_solver_30_trains_30_units27.json","Cost of next node: Cost = 45.0 : 61.34 | cr=0, dd=0, da=0, tlv=3, sm=67, rd=159.40, cd=0, um=0","Time elapsed: 12.31 seconds","/home/thomasverwaal/Robust-Rail-NL/mathematical-models/local_search_plans_discreet/plan_30_trains_30_units27.json"
"/home/thomasverwaal/Robust-Rail-NL/mathematical-models/scenarios_solver_types/scenario_solver_30_trains_30_units27.json","Cost of next node: Cost = 40.0 : 51.36 | cr=1, dd=0, da=0, tlv=2, sm=68, rd=153.53, cd=0, um=0","Time elapsed: 13.37 seconds","/home/thomasverwaal/Robust-Rail-NL/mathematical-models/local_search_plans_discreet/plan_30_trains_30_units27.json"
"/home/thomasverwaal/Robust-Rail-NL/mathematical-models/scenarios_solver_types/scenario_solver_30_trains_30_units27.json","Cost of solution: Cost = 0.0 : 1.66 | cr=0, dd=0, da=0, tlv=0, sm=83, rd=142.41, cd=0, um=0","Total computation time: 00:02:24.2630497","/home/thomasverwaal/Robust-Rail-NL/mathematical-models/local_search_plans_discreet/plan_30_trains_30_units27.json"
